font_id	valence	arousal
1	5	5
1	5	6
1	4	6
1	5	7
1	6	8
1	5	5
1	4	6
1	5	5
1	2	6
1	5	5
1	5	4
1	3	3
1	4	4
1	5	5
1	3	5
1	6	5
1	4	4
1	5	5
1	5	5
1	2	5
1	5	1
1	4	6
1	3	5
1	5	5
1	9	1
1	3	3
1	3	6
1	4	6
1	5	5
1	4	6
1	7	7
1	3	4
1	5	6
1	8	6
1	5	5
1	4	6
1	3	6
1	3	7
1	5	4
1	6	2
2	6	4
2	4	7
2	5	6
2	3	7
2	8	2
2	5	5
2	5	5
2	5	6
2	4	7
2	5	6
2	5	5
2	2	1
2	3	5
2	5	5
2	4	5
2	4	4
2	4	5
2	5	5
2	5	5
2	4	5
2	5	1
2	2	5
2	4	5
2	5	5
2	7	6
2	5	6
2	4	4
2	5	6
2	5	7
2	4	7
2	6	6
2	6	6
2	5	5
2	8	1
2	6	5
2	5	4
2	5	6
2	3	5
2	5	6
2	6	1
3	6	3
3	3	3
3	2	2
3	5	2
3	2	1
3	5	5
3	4	4
3	3	5
3	1	5
3	3	5
3	3	3
3	2	6
3	5	3
3	5	5
3	2	5
3	3	2
3	5	5
3	2	2
3	5	5
3	2	5
3	5	1
3	4	2
3	3	5
3	5	5
3	3	3
3	3	3
3	2	2
3	4	6
3	3	4
3	1	5
3	2	2
3	4	3
3	4	4
3	8	1
3	3	6
3	4	5
3	1	8
3	3	2
3	5	2
3	6	5
4	6	7
4	6	9
4	6	6
4	5	7
4	1	9
4	4	5
4	3	7
4	5	5
4	1	8
4	2	5
4	2	3
4	2	2
4	3	5
4	4	5
4	2	5
4	5	6
4	8	9
4	2	2
4	5	5
4	1	5
4	5	1
4	2	7
4	3	6
4	4	4
4	9	9
4	3	6
4	2	4
4	4	6
4	3	6
4	1	8
4	3	3
4	3	5
4	4	6
4	8	8
4	4	6
4	3	3
4	5	6
4	3	3
4	4	5
4	5	5
5	6	6
5	5	9
5	2	2
5	3	7
5	2	9
5	4	5
5	3	6
5	3	5
5	2	7
5	3	6
5	2	3
5	2	2
5	3	5
5	5	5
5	1	5
5	2	2
5	2	1
5	1	1
5	3	5
5	1	5
5	5	1
5	1	6
5	2	7
5	1	2
5	3	9
5	3	5
5	2	4
5	5	7
5	2	4
5	2	9
5	3	3
5	2	5
5	4	6
5	7	1
5	4	7
5	3	4
5	1	5
5	2	6
5	3	6
5	4	6
6	5	6
6	5	7
6	5	5
6	7	5
6	9	1
6	5	5
6	7	5
6	5	5
6	4	6
6	4	4
6	6	5
6	1	7
6	5	5
6	5	5
6	5	5
6	4	4
6	4	4
6	3	3
6	5	5
6	6	5
6	5	1
6	3	5
6	3	5
6	5	5
6	7	8
6	7	6
6	4	5
6	5	6
6	6	7
6	4	6
6	6	6
6	5	5
6	6	7
6	8	1
6	4	4
6	4	4
6	5	7
6	5	5
6	5	5
6	7	2
7	6	1
7	1	3
7	5	4
7	5	8
7	5	3
7	5	5
7	5	4
7	5	2
7	4	6
7	3	6
7	4	5
7	2	1
7	5	3
7	6	5
7	2	5
7	2	4
7	4	4
7	2	4
7	5	5
7	1	5
7	5	1
7	5	4
7	4	5
7	3	3
7	4	7
7	6	3
7	6	7
7	4	6
7	1	4
7	4	3
7	8	7
7	3	2
7	4	5
7	7	2
7	4	4
7	3	6
7	2	7
7	2	3
7	9	2
7	6	3
8	3	6
8	4	6
8	4	4
8	3	5
8	8	1
8	5	5
8	4	4
8	5	5
8	4	6
8	3	3
8	5	5
8	4	2
8	5	5
8	5	5
8	3	5
8	5	5
8	4	4
8	2	3
8	5	5
8	5	5
8	5	1
8	3	7
8	4	5
8	5	5
8	2	5
8	6	4
8	5	5
8	5	6
8	7	7
8	4	6
8	3	3
8	7	7
8	7	7
8	6	1
8	5	5
8	4	4
8	5	5
8	4	3
8	5	5
8	7	3
9	5	3
9	3	5
9	4	5
9	7	4
9	8	1
9	5	5
9	4	6
9	3	4
9	3	5
9	5	5
9	5	5
9	4	3
9	5	6
9	5	5
9	4	5
9	4	3
9	3	4
9	3	3
9	5	5
9	2	5
9	5	1
9	3	6
9	3	5
9	5	5
9	7	5
9	4	6
9	4	4
9	4	4
9	5	5
9	3	7
9	3	3
9	9	7
9	5	5
9	8	8
9	5	5
9	4	6
9	5	5
9	4	6
9	4	5
9	8	1
10	6	6
10	3	2
10	3	3
10	3	8
10	7	9
10	4	5
10	3	6
10	5	5
10	2	7
10	2	4
10	4	5
10	2	2
10	5	5
10	5	5
10	2	5
10	2	4
10	4	3
10	1	1
10	4	5
10	2	5
10	5	1
10	2	8
10	3	5
10	5	5
10	4	7
10	3	6
10	2	6
10	4	7
10	4	4
10	2	7
10	3	3
10	3	7
10	4	6
10	7	7
10	3	5
10	4	4
10	5	3
10	3	6
10	2	5
10	6	5
11	7	9
11	4	5
11	5	7
11	4	5
11	6	8
11	4	5
11	4	6
11	6	3
11	2	6
11	4	7
11	5	5
11	3	3
11	4	5
11	5	5
11	2	5
11	5	6
11	5	3
11	1	1
11	3	5
11	1	5
11	5	1
11	3	7
11	4	5
11	6	6
11	2	7
11	3	4
11	5	6
11	4	7
11	5	6
11	3	7
11	7	7
11	6	7
11	4	5
11	8	8
11	5	6
11	4	5
11	3	5
11	5	6
11	6	3
11	6	5
12	7	7
12	5	7
12	4	4
12	6	4
12	7	3
12	5	5
12	5	5
12	5	5
12	4	6
12	3	7
12	6	6
12	3	2
12	5	3
12	6	5
12	3	5
12	4	3
12	4	1
12	1	1
12	5	5
12	1	5
12	5	1
12	6	6
12	4	5
12	4	5
12	4	6
12	6	3
12	6	6
12	3	7
12	3	3
12	5	3
12	7	7
12	3	4
12	5	5
12	8	8
12	6	5
12	4	5
12	5	3
12	4	6
12	6	6
12	6	5
13	6	4
13	5	3
13	4	6
13	4	4
13	7	3
13	4	5
13	4	4
13	5	5
13	3	5
13	4	6
13	4	4
13	2	6
13	5	5
13	5	5
13	1	5
13	4	5
13	3	4
13	1	2
13	5	5
13	2	5
13	5	1
13	5	7
13	3	5
13	5	5
13	2	6
13	3	3
13	5	3
13	4	5
13	4	6
13	3	6
13	3	2
13	2	3
13	5	4
13	8	2
13	5	5
13	5	6
13	1	5
13	4	4
13	5	3
13	5	5
14	5	5
14	7	6
14	5	4
14	6	4
14	5	5
14	5	5
14	6	6
14	5	5
14	5	5
14	5	5
14	5	5
14	2	2
14	5	5
14	5	5
14	5	5
14	4	3
14	3	4
14	1	1
14	5	5
14	6	5
14	5	1
14	4	6
14	4	5
14	5	5
14	2	6
14	6	4
14	4	5
14	4	5
14	5	6
14	5	6
14	7	7
14	3	5
14	5	6
14	8	7
14	6	6
14	3	3
14	4	5
14	6	3
14	5	5
14	7	3
15	5	3
15	3	2
15	4	2
15	7	3
15	7	6
15	5	5
15	8	3
15	5	5
15	4	4
15	4	3
15	3	3
15	3	3
15	5	3
15	4	5
15	3	5
15	3	5
15	3	5
15	2	2
15	5	5
15	6	5
15	5	1
15	7	7
15	4	5
15	6	6
15	5	6
15	4	5
15	6	4
15	5	3
15	6	1
15	4	3
15	7	7
15	3	4
15	6	4
15	9	7
15	7	7
15	3	4
15	5	4
15	3	4
15	5	3
15	6	3
16	5	6
16	5	2
16	5	5
16	4	4
16	5	4
16	5	5
16	6	4
16	7	3
16	4	6
16	4	5
16	5	5
16	3	2
16	4	5
16	5	5
16	4	5
16	4	3
16	4	3
16	3	5
16	5	5
16	5	5
16	5	1
16	4	7
16	3	5
16	5	5
16	6	3
16	6	6
16	6	6
16	4	3
16	4	4
16	4	6
16	5	5
16	3	7
16	6	4
16	7	7
16	6	7
16	4	5
16	5	4
16	2	3
16	5	6
16	5	5
17	7	7
17	4	9
17	3	6
17	3	9
17	7	3
17	5	5
17	4	6
17	5	5
17	3	8
17	2	7
17	4	4
17	4	3
17	4	7
17	5	5
17	2	5
17	4	5
17	1	5
17	3	3
17	4	5
17	1	5
17	5	1
17	3	6
17	4	5
17	4	4
17	3	7
17	4	6
17	5	7
17	3	6
17	3	3
17	3	7
17	6	6
17	3	4
17	4	5
17	8	8
17	6	7
17	4	5
17	3	3
17	4	6
17	4	7
17	6	4
18	8	5
18	4	3
18	5	2
18	7	3
18	6	1
18	5	5
18	6	4
18	3	5
18	4	2
18	5	5
18	6	5
18	4	2
18	5	3
18	6	5
18	3	5
18	5	3
18	4	5
18	2	3
18	5	5
18	6	5
18	5	1
18	6	5
18	3	5
18	5	5
18	4	2
18	3	3
18	7	2
18	5	4
18	5	5
18	5	4
18	5	5
18	3	4
18	5	4
18	7	2
18	7	5
18	5	5
18	3	2
18	4	2
18	5	3
18	6	4
19	2	6
19	7	6
19	6	6
19	5	5
19	9	3
19	5	5
19	4	6
19	5	7
19	3	7
19	4	4
19	4	5
19	3	2
19	5	5
19	6	5
19	4	5
19	6	5
19	5	5
19	4	4
19	6	5
19	7	5
19	5	1
19	3	6
19	5	5
19	5	5
19	1	9
19	7	7
19	6	6
19	6	7
19	6	5
19	4	7
19	7	7
19	6	7
19	5	5
19	7	8
19	6	6
19	4	6
19	5	6
19	6	6
19	7	7
19	7	2
20	7	6
20	4	5
20	5	5
20	4	3
20	9	1
20	6	5
20	7	2
20	5	5
20	5	4
20	5	5
20	4	5
20	3	6
20	5	6
20	5	5
20	5	5
20	5	3
20	4	5
20	3	5
20	5	5
20	7	5
20	5	1
20	4	6
20	4	5
20	5	5
20	3	9
20	5	6
20	5	4
20	5	4
20	5	5
20	5	5
20	5	5
20	4	4
20	6	4
20	8	8
20	5	6
20	5	5
20	5	7
20	4	5
20	5	5
20	9	1
21	5	5
21	4	2
21	6	5
21	7	1
21	5	5
21	7	2
21	4	5
21	4	4
21	6	6
21	7	5
21	5	3
21	4	4
21	5	5
21	4	5
21	5	2
21	4	4
21	3	5
21	5	5
21	5	5
21	5	5
21	5	1
21	7	3
21	4	5
21	5	3
21	6	6
21	6	4
21	7	6
21	2	5
21	5	2
21	8	3
21	5	1
21	6	3
21	8	4
21	4	5
21	6	3
21	4	4
21	5	7
21	5	3
21	3	6
21	6	4
22	4	4
22	3	3
22	3	6
22	3	8
22	5	5
22	7	2
22	3	5
22	4	4
22	6	5
22	3	5
22	5	3
22	6	6
22	4	6
22	4	5
22	6	6
22	3	3
22	1	1
22	4	5
22	3	3
22	4	5
22	3	3
22	4	7
22	4	5
22	6	5
22	4	5
22	3	5
22	6	4
22	3	7
22	3	7
22	2	7
22	3	2
22	3	5
22	5	3
22	4	5
22	6	3
22	2	3
22	8	6
22	3	4
22	2	7
22	3	7
23	5	5
23	5	3
23	5	6
23	5	1
23	5	5
23	4	6
23	5	5
23	3	3
23	5	4
23	4	6
23	5	5
23	5	6
23	5	5
23	5	5
23	6	6
23	6	5
23	2	3
23	5	5
23	3	6
23	5	5
23	5	1
23	5	6
23	4	5
23	1	6
23	5	5
23	6	6
23	6	6
23	5	3
23	6	6
23	5	3
23	5	2
23	4	4
23	9	8
23	4	5
23	5	5
23	5	5
23	5	7
23	4	6
23	4	6
23	5	5
24	5	5
24	5	5
24	7	7
24	9	1
24	6	5
24	8	3
24	5	5
24	5	4
24	6	5
24	6	6
24	5	5
24	5	6
24	7	3
24	6	5
24	7	7
24	5	4
24	3	3
24	5	5
24	7	7
24	6	5
24	5	1
24	4	6
24	5	5
24	6	7
24	5	5
24	7	4
24	6	6
24	4	7
24	5	5
24	4	7
24	5	2
24	5	5
24	8	1
24	4	5
24	5	5
24	4	3
24	6	6
24	5	6
24	6	6
24	6	4
25	5	5
25	5	3
25	7	6
25	7	9
25	5	5
25	6	6
25	3	5
25	3	5
25	7	6
25	3	6
25	5	4
25	5	5
25	5	5
25	4	5
25	4	6
25	5	4
25	3	2
25	5	5
25	6	6
25	3	5
25	5	2
25	4	6
25	4	5
25	1	7
25	7	6
25	6	6
25	5	7
25	5	5
25	5	6
25	6	6
25	4	3
25	5	4
25	8	7
25	6	5
25	5	6
25	3	6
25	5	6
25	6	5
25	3	3
25	6	4
26	4	4
26	4	3
26	7	3
26	9	1
26	5	5
26	6	4
26	4	5
26	3	4
26	5	5
26	6	5
26	5	3
26	4	3
26	5	5
26	4	5
26	8	4
26	5	7
26	2	2
26	5	5
26	7	8
26	6	5
26	5	2
26	6	5
26	4	5
26	2	1
26	4	5
26	7	4
26	4	3
26	2	5
26	5	3
26	7	3
26	5	1
26	5	4
26	9	5
26	4	5
26	5	4
26	4	6
26	3	5
26	6	3
26	7	2
26	5	5
27	5	5
27	5	5
27	6	6
27	9	3
27	6	5
27	6	6
27	5	5
27	6	6
27	5	5
27	5	5
27	3	6
27	5	6
27	6	4
27	5	5
27	5	5
27	4	4
27	3	3
27	5	5
27	5	5
27	6	5
27	5	1
27	4	7
27	5	5
27	7	6
27	5	6
27	7	4
27	7	5
27	4	7
27	6	7
27	7	8
27	5	2
27	5	6
27	8	7
27	4	5
27	4	5
27	4	5
27	5	3
27	5	5
27	4	7
27	7	3
28	5	5
28	4	4
28	5	7
28	4	5
28	5	5
28	3	7
28	3	5
28	4	6
28	6	5
28	4	7
28	5	6
28	4	6
28	4	6
28	5	5
28	6	5
28	4	4
28	3	3
28	5	5
28	4	5
28	6	5
28	3	2
28	5	7
28	6	5
28	1	6
28	4	4
28	5	6
28	2	6
28	1	5
28	4	7
28	9	7
28	3	2
28	5	6
28	8	7
28	5	6
28	5	6
28	5	3
28	3	7
28	4	6
28	3	7
28	5	5
29	4	4
29	2	7
29	1	5
29	1	9
29	4	6
29	1	9
29	3	5
29	2	8
29	5	4
29	2	7
29	3	8
29	4	5
29	3	7
29	1	6
29	2	8
29	2	8
29	1	1
29	4	5
29	3	7
29	2	5
29	3	3
29	1	9
29	3	5
29	1	9
29	2	5
29	4	6
29	2	7
29	1	9
29	1	9
29	6	7
29	2	3
29	3	6
29	8	7
29	4	5
29	3	7
29	4	3
29	2	5
29	1	7
29	1	9
29	3	7
30	5	5
30	6	5
30	6	5
30	9	1
30	6	5
30	9	1
30	5	5
30	7	4
30	5	4
30	6	4
30	5	4
30	5	5
30	7	3
30	6	5
30	6	3
30	6	5
30	3	3
30	5	5
30	8	8
30	2	5
30	5	1
30	5	4
30	5	5
30	9	1
30	5	5
30	6	3
30	6	3
30	5	7
30	8	2
30	5	5
30	6	2
30	7	6
30	8	6
30	5	5
30	5	5
30	3	3
30	5	5
30	5	5
30	9	1
30	8	2
31	5	5
31	5	4
31	6	6
31	9	1
31	5	5
31	5	5
31	5	5
31	6	3
31	5	5
31	4	4
31	5	5
31	5	6
31	6	4
31	5	5
31	5	6
31	4	4
31	3	3
31	5	5
31	4	4
31	5	5
31	5	1
31	5	6
31	4	5
31	2	5
31	5	5
31	6	6
31	5	6
31	4	6
31	6	4
31	7	7
31	5	2
31	5	6
31	8	8
31	4	5
31	4	5
31	4	4
31	5	5
31	3	4
31	8	3
31	7	4
32	5	5
32	5	4
32	8	4
32	9	1
32	5	5
32	7	2
32	5	2
32	5	3
32	7	7
32	7	4
32	5	3
32	5	5
32	6	5
32	4	5
32	8	2
32	6	5
32	3	3
32	5	5
32	6	6
32	6	5
32	5	1
32	6	4
32	5	5
32	6	3
32	7	9
32	5	6
32	6	2
32	2	5
32	7	3
32	9	1
32	4	3
32	4	5
32	8	7
32	6	6
32	5	5
32	4	5
32	5	4
32	6	3
32	9	7
32	7	4
33	5	5
33	5	7
33	4	6
33	4	9
33	4	5
33	2	7
33	6	7
33	2	7
33	1	3
33	4	4
33	2	7
33	5	6
33	4	6
33	2	5
33	4	7
33	4	6
33	2	2
33	3	5
33	2	3
33	2	5
33	3	3
33	3	7
33	3	6
33	3	8
33	5	8
33	5	7
33	5	6
33	6	3
33	3	8
33	3	8
33	5	2
33	4	7
33	8	8
33	5	5
33	3	5
33	4	4
33	3	8
33	3	4
33	6	5
33	5	5
34	6	6
34	4	4
34	7	3
34	9	2
34	6	4
34	9	3
34	5	2
34	6	3
34	1	3
34	7	5
34	5	2
34	5	5
34	6	5
34	4	5
34	6	5
34	7	5
34	5	5
34	5	5
34	7	7
34	6	5
34	4	2
34	7	2
34	5	5
34	7	4
34	5	6
34	5	4
34	7	2
34	4	5
34	8	2
34	9	1
34	5	2
34	5	5
34	9	5
34	5	5
34	6	3
34	4	6
34	5	4
34	6	3
34	8	2
34	6	3
35	5	5
35	4	5
35	5	5
35	9	1
35	6	5
35	5	5
35	5	5
35	6	4
35	5	5
35	5	5
35	4	6
35	5	6
35	6	4
35	5	5
35	7	6
35	4	4
35	3	3
35	5	5
35	5	5
35	4	5
35	5	1
35	4	7
35	5	5
35	9	9
35	5	6
35	5	6
35	5	6
35	5	3
35	6	6
35	7	8
35	5	2
35	6	7
35	7	8
35	4	5
35	3	3
35	4	2
35	5	4
35	5	5
35	7	7
35	7	3
36	4	4
36	3	4
36	3	3
36	9	2
36	5	5
36	6	5
36	5	5
36	6	5
36	1	6
36	6	6
36	5	3
36	3	4
36	5	5
36	4	5
36	5	5
36	5	8
36	3	3
36	5	5
36	5	5
36	2	5
36	5	1
36	6	5
36	6	5
36	1	5
36	7	6
36	5	6
36	7	5
36	3	5
36	7	4
36	7	6
36	5	2
36	4	4
36	7	6
36	6	6
36	5	2
36	4	4
36	4	7
36	7	3
36	8	5
36	5	5
37	5	5
37	5	4
37	5	4
37	8	7
37	5	5
37	5	6
37	7	2
37	5	4
37	2	2
37	6	6
37	5	5
37	5	6
37	5	6
37	4	5
37	5	3
37	5	5
37	2	2
37	4	5
37	3	3
37	3	5
37	5	1
37	5	5
37	5	5
37	3	7
37	3	5
37	4	5
37	4	7
37	3	5
37	7	4
37	3	7
37	5	2
37	5	5
37	9	8
37	5	5
37	4	4
37	2	2
37	5	5
37	3	3
37	6	7
37	6	5
38	5	5
38	3	3
38	3	4
38	3	6
38	5	5
38	5	6
38	6	3
38	6	4
38	2	5
38	4	6
38	5	3
38	5	6
38	5	6
38	3	5
38	3	4
38	4	4
38	2	2
38	5	5
38	2	2
38	4	5
38	4	2
38	4	5
38	4	5
38	1	9
38	5	4
38	4	6
38	5	6
38	2	5
38	5	6
38	1	9
38	5	2
38	5	5
38	8	8
38	5	5
38	5	5
38	2	2
38	6	4
38	3	4
38	7	8
38	5	6
39	6	6
39	5	5
39	4	4
39	7	2
39	5	5
39	6	5
39	5	5
39	5	5
39	2	2
39	6	3
39	5	3
39	5	5
39	5	5
39	5	5
39	7	5
39	5	4
39	2	3
39	5	5
39	3	4
39	4	5
39	4	2
39	5	5
39	5	5
39	3	6
39	4	3
39	6	6
39	5	5
39	5	5
39	6	5
39	8	6
39	4	2
39	5	5
39	8	8
39	4	5
39	5	2
39	4	4
39	5	5
39	6	5
39	6	4
39	7	3
40	5	5
40	5	6
40	6	6
40	9	3
40	6	5
40	6	6
40	5	5
40	5	6
40	3	3
40	6	5
40	4	6
40	5	6
40	6	4
40	5	5
40	4	3
40	4	4
40	3	3
40	5	5
40	3	4
40	4	5
40	5	1
40	4	6
40	4	5
40	6	6
40	4	5
40	7	4
40	7	5
40	5	5
40	6	6
40	8	3
40	5	1
40	6	6
40	8	8
40	4	5
40	2	3
40	3	4
40	5	5
40	5	5
40	7	4
40	7	4
41	3	2
41	6	4
41	7	5
41	7	5
41	8	6
41	3	4
41	5	5
41	5	3
41	5	5
41	8	5
41	5	7
41	5	6
41	5	7
41	4	4
41	4	7
41	6	4
41	4	1
41	5	4
41	5	1
41	2	5
41	5	1
41	6	5
41	4	5
41	9	8
41	5	3
41	6	7
41	2	5
41	5	6
41	2	7
41	5	5
41	8	6
41	7	4
41	6	6
41	5	5
41	3	4
41	4	7
41	3	6
41	5	5
41	3	5
41	5	5
42	4	3
42	3	3
42	4	4
42	7	5
42	8	2
42	2	6
42	5	5
42	5	6
42	2	3
42	6	6
42	4	6
42	3	7
42	4	4
42	3	7
42	3	2
42	3	3
42	3	6
42	3	4
42	9	9
42	2	5
42	5	1
42	5	6
42	3	5
42	1	8
42	3	6
42	4	7
42	2	3
42	2	7
42	1	8
42	3	3
42	8	2
42	4	6
42	7	6
42	4	4
42	2	3
42	2	4
42	2	3
42	4	5
42	2	6
42	2	8
43	5	6
43	5	5
43	7	2
43	4	5
43	9	1
43	7	7
43	6	5
43	5	5
43	8	3
43	5	5
43	6	6
43	5	5
43	8	2
43	6	5
43	3	3
43	5	5
43	4	3
43	5	5
43	5	5
43	8	5
43	5	1
43	4	4
43	5	5
43	9	5
43	7	3
43	5	6
43	5	4
43	5	5
43	7	3
43	6	5
43	7	6
43	8	5
43	8	6
43	4	5
43	7	5
43	5	5
43	5	5
43	6	5
43	6	6
43	8	2
44	4	3
44	4	3
44	5	5
44	3	3
44	8	4
44	5	5
44	5	5
44	5	6
44	6	5
44	6	4
44	4	6
44	3	3
44	4	2
44	3	6
44	3	2
44	4	5
44	2	4
44	4	4
44	3	3
44	5	5
44	5	1
44	3	6
44	4	5
44	1	5
44	5	3
44	7	6
44	6	3
44	4	7
44	5	5
44	7	7
44	8	4
44	4	4
44	8	5
44	5	5
44	4	4
44	3	6
44	5	1
44	5	5
44	5	7
44	7	4
45	5	6
45	5	5
45	6	4
45	5	4
45	9	1
45	6	5
45	6	5
45	5	1
45	7	3
45	7	2
45	5	5
45	5	6
45	7	3
45	6	7
45	4	3
45	5	5
45	6	6
45	7	5
45	5	5
45	6	5
45	5	1
45	5	6
45	5	5
45	9	6
45	7	4
45	5	6
45	3	6
45	6	5
45	7	2
45	5	5
45	7	9
45	7	4
45	8	6
45	5	5
45	5	5
45	2	2
45	5	3
45	6	5
45	9	8
45	8	2
46	5	7
46	4	4
46	4	4
46	3	6
46	9	6
46	4	4
46	5	5
46	5	5
46	5	5
46	5	6
46	5	8
46	3	7
46	6	7
46	6	4
46	3	3
46	4	7
46	2	2
46	4	4
46	1	6
46	5	5
46	5	1
46	3	7
46	5	5
46	6	9
46	6	3
46	5	6
46	4	4
46	4	4
46	8	4
46	7	6
46	7	7
46	6	6
46	8	5
46	4	5
46	4	6
46	4	5
46	5	9
46	6	6
46	8	8
46	6	4
47	5	5
47	5	5
47	7	4
47	7	3
47	9	1
47	6	4
47	6	5
47	5	1
47	8	2
47	6	5
47	5	3
47	4	4
47	8	3
47	8	2
47	6	6
47	5	4
47	4	1
47	4	5
47	5	5
47	7	5
47	5	1
47	5	4
47	5	5
47	9	1
47	5	5
47	6	2
47	7	6
47	6	4
47	5	5
47	5	5
47	8	4
47	6	4
47	9	4
47	5	5
47	5	5
47	4	5
47	5	2
47	6	5
47	9	2
47	7	3
48	3	3
48	5	6
48	4	5
48	5	5
48	9	1
48	4	4
48	5	5
48	5	3
48	7	3
48	5	5
48	4	5
48	5	5
48	7	3
48	3	6
48	5	5
48	4	4
48	6	6
48	5	5
48	3	3
48	6	5
48	5	1
48	4	5
48	4	5
48	2	4
48	4	6
48	5	5
48	5	4
48	3	6
48	6	3
48	5	5
48	8	5
48	6	5
48	8	5
48	5	5
48	4	5
48	5	4
48	5	3
48	5	5
48	8	8
48	7	3
49	4	4
49	6	6
49	5	5
49	6	5
49	9	1
49	5	5
49	5	5
49	4	3
49	8	2
49	6	5
49	5	4
49	5	5
49	4	4
49	3	7
49	5	4
49	4	5
49	4	2
49	4	4
49	5	5
49	6	5
49	5	1
49	5	6
49	4	5
49	2	2
49	3	4
49	5	6
49	4	4
49	5	6
49	6	5
49	7	7
49	8	7
49	6	6
49	5	5
49	6	5
49	4	6
49	4	6
49	3	3
49	6	5
49	6	6
49	6	4
50	3	4
50	5	6
50	5	5
50	4	5
50	8	2
50	3	6
50	5	5
50	5	3
50	7	2
50	5	5
50	4	6
50	5	5
50	3	3
50	2	7
50	4	4
50	5	3
50	6	6
50	5	5
50	5	5
50	4	5
50	5	1
50	3	6
50	4	5
50	1	9
50	5	4
50	4	6
50	6	4
50	4	5
50	7	7
50	6	5
50	4	7
50	5	5
50	7	5
50	5	4
50	6	6
50	7	4
50	5	2
50	5	6
50	5	7
50	6	4
51	6	9
51	1	9
51	2	5
51	1	9
51	2	9
51	2	5
51	3	7
51	1	1
51	2	7
51	3	5
51	2	8
51	1	9
51	3	9
51	1	9
51	5	4
51	2	4
51	7	6
51	3	4
51	1	9
51	1	5
51	3	5
51	1	9
51	3	6
51	6	9
51	3	6
51	3	7
51	3	4
51	2	7
51	2	8
51	3	3
51	7	7
51	2	9
51	4	5
51	3	7
51	4	7
51	1	5
51	2	7
51	5	6
51	5	7
51	3	7
52	3	4
52	5	5
52	6	5
52	5	4
52	8	5
52	5	5
52	5	5
52	5	6
52	3	5
52	6	3
52	5	5
52	3	7
52	5	7
52	5	5
52	5	5
52	4	6
52	3	1
52	5	4
52	5	7
52	5	5
52	5	1
52	4	6
52	5	5
52	6	8
52	4	4
52	5	8
52	4	5
52	5	7
52	3	8
52	6	6
52	7	7
52	6	3
52	5	4
52	4	6
52	3	3
52	5	5
52	5	3
52	5	5
52	7	6
52	7	4
53	3	6
53	4	4
53	4	5
53	2	7
53	2	7
53	3	4
53	4	5
53	2	7
53	3	6
53	5	5
53	3	5
53	1	8
53	3	6
53	3	7
53	5	5
53	3	7
53	3	3
53	6	5
53	1	2
53	3	5
53	4	5
53	3	7
53	3	6
53	1	9
53	3	4
53	6	6
53	6	6
53	3	7
53	3	8
53	4	4
53	5	7
53	2	7
53	4	4
53	4	4
53	4	7
53	3	5
53	3	7
53	4	6
53	5	5
53	5	6
54	3	2
54	5	4
54	6	3
54	6	3
54	2	4
54	5	5
54	5	5
54	5	1
54	3	5
54	5	5
54	3	4
54	5	3
54	4	8
54	2	7
54	5	5
54	3	3
54	1	1
54	3	3
54	6	5
54	4	5
54	5	1
54	5	4
54	3	5
54	3	7
54	5	5
54	5	3
54	5	7
54	3	4
54	5	3
54	8	7
54	8	7
54	7	3
54	6	4
54	4	4
54	4	5
54	2	8
54	2	3
54	5	4
54	4	2
54	5	5
55	4	6
55	4	6
55	1	2
55	1	5
55	1	9
55	1	3
55	4	6
55	2	1
55	2	3
55	4	7
55	2	7
55	1	2
55	3	9
55	1	8
55	5	4
55	2	4
55	5	4
55	2	8
55	1	9
55	1	5
55	3	1
55	1	5
55	3	6
55	8	9
55	2	2
55	4	5
55	5	5
55	1	7
55	2	9
55	2	7
55	7	8
55	4	8
55	3	3
55	2	8
55	4	6
55	1	3
55	3	7
55	3	5
55	5	7
55	2	7
56	4	6
56	5	6
56	5	5
56	4	7
56	8	3
56	4	5
56	5	5
56	5	4
56	5	3
56	7	8
56	4	5
56	3	7
56	8	8
56	4	4
56	5	5
56	4	5
56	1	2
56	5	4
56	6	7
56	5	5
56	5	1
56	4	7
56	4	5
56	2	7
56	6	6
56	4	8
56	5	5
56	3	6
56	4	4
56	6	6
56	7	8
56	4	7
56	4	4
56	5	4
56	4	6
56	5	7
56	5	2
56	5	5
56	5	6
56	6	4
57	4	5
57	5	5
57	5	5
57	4	5
57	6	6
57	5	5
57	5	5
57	5	1
57	7	5
57	5	5
57	5	6
57	5	5
57	5	5
57	4	4
57	4	5
57	4	5
57	7	2
57	4	4
57	5	5
57	5	5
57	5	1
57	4	6
57	4	5
57	1	2
57	5	5
57	4	5
57	5	4
57	4	6
57	4	7
57	7	6
57	8	8
57	5	5
57	5	5
57	4	5
57	5	5
57	5	5
57	5	2
57	6	5
57	7	7
57	7	3
58	5	5
58	4	4
58	6	4
58	5	6
58	4	6
58	5	5
58	5	5
58	5	2
58	3	6
58	7	2
58	4	4
58	3	7
58	4	3
58	4	4
58	4	5
58	5	4
58	4	1
58	5	3
58	4	4
58	6	5
58	5	1
58	4	7
58	3	5
58	4	9
58	4	6
58	7	5
58	4	4
58	4	4
58	4	6
58	7	7
58	7	8
58	4	6
58	5	5
58	6	3
58	5	4
58	4	6
58	4	6
58	4	5
58	9	9
58	6	4
59	5	5
59	5	5
59	5	5
59	4	5
59	9	1
59	7	5
59	6	5
59	7	1
59	7	3
59	5	5
59	5	5
59	5	5
59	6	3
59	3	7
59	4	4
59	5	5
59	6	2
59	4	4
59	5	5
59	7	5
59	5	1
59	3	4
59	4	5
59	7	3
59	6	4
59	5	6
59	7	4
59	5	5
59	4	3
59	7	7
59	8	8
59	5	5
59	5	5
59	4	4
59	4	5
59	8	5
59	5	5
59	6	5
59	5	6
59	8	3
60	5	4
60	3	4
60	4	5
60	2	7
60	7	7
60	2	4
60	5	5
60	4	1
60	3	5
60	5	2
60	4	8
60	5	7
60	3	7
60	1	7
60	4	4
60	5	5
60	2	3
60	4	4
60	1	9
60	1	5
60	5	1
60	3	7
60	3	5
60	6	9
60	3	3
60	4	7
60	5	5
60	1	7
60	3	6
60	3	3
60	3	1
60	2	6
60	4	4
60	5	3
60	3	3
60	2	7
60	3	6
60	4	6
60	3	6
60	5	5
61	9	4
61	5	5
61	5	5
61	3	5
61	6	5
61	7	3
61	5	7
61	7	2
61	5	4
61	5	5
61	5	5
61	4	7
61	3	3
61	5	5
61	7	7
61	5	5
61	5	5
61	8	5
61	5	6
61	8	5
61	5	1
61	4	6
61	7	5
61	3	7
61	7	6
61	6	6
61	4	7
61	4	7
61	3	6
61	8	5
61	5	3
61	7	6
61	4	4
61	3	5
61	4	5
61	6	5
61	7	2
61	5	6
61	9	1
61	7	2
62	4	2
62	5	3
62	6	6
62	7	2
62	5	5
62	3	5
62	4	5
62	8	2
62	5	5
62	5	5
62	5	5
62	4	5
62	3	3
62	4	3
62	6	3
62	4	5
62	5	5
62	6	4
62	2	8
62	4	5
62	5	1
62	6	3
62	5	5
62	4	5
62	5	4
62	7	2
62	3	5
62	5	4
62	4	4
62	9	7
62	7	2
62	5	4
62	5	4
62	5	5
62	3	2
62	4	6
62	7	6
62	9	2
62	5	5
62	5	5
63	5	7
63	5	3
63	3	3
63	5	7
63	5	5
63	5	3
63	3	4
63	3	7
63	7	5
63	4	4
63	5	5
63	5	7
63	3	3
63	5	5
63	5	3
63	4	6
63	5	5
63	2	5
63	7	3
63	3	5
63	5	1
63	3	7
63	4	5
63	3	3
63	5	5
63	6	4
63	2	5
63	3	8
63	7	7
63	5	5
63	6	2
63	3	3
63	4	4
63	7	3
63	2	2
63	5	5
63	8	6
63	5	5
63	5	5
63	7	7
64	7	7
64	5	6
64	2	2
64	1	8
64	4	5
64	4	5
64	3	7
64	3	7
64	6	7
64	3	6
64	5	5
64	3	7
64	3	2
64	4	6
64	3	4
64	6	4
64	5	5
64	2	6
64	4	6
64	2	5
64	5	2
64	2	8
64	4	5
64	1	9
64	3	7
64	3	7
64	4	5
64	1	8
64	4	4
64	5	4
64	4	2
64	3	4
64	4	4
64	3	5
64	2	3
64	3	3
64	6	8
64	4	6
64	4	7
64	3	8
65	5	5
65	5	3
65	4	5
65	4	3
65	5	5
65	6	3
65	4	5
65	5	5
65	7	6
65	5	5
65	5	5
65	3	5
65	4	2
65	3	6
65	7	4
65	4	2
65	5	5
65	3	5
65	6	4
65	6	5
65	5	1
65	4	5
65	5	5
65	2	6
65	5	5
65	4	5
65	4	6
65	5	3
65	5	3
65	6	6
65	6	2
65	4	4
65	5	5
65	6	2
65	3	4
65	5	3
65	8	6
65	6	4
65	7	2
65	6	3
66	3	4
66	5	4
66	3	3
66	3	7
66	5	5
66	6	4
66	5	6
66	6	3
66	4	5
66	5	5
66	6	6
66	6	6
66	3	3
66	3	6
66	5	4
66	4	3
66	5	5
66	3	4
66	6	5
66	6	5
66	5	1
66	3	7
66	6	6
66	2	7
66	4	6
66	6	7
66	3	6
66	5	6
66	5	5
66	6	6
66	6	4
66	4	5
66	7	7
66	7	5
66	2	5
66	5	5
66	8	7
66	5	6
66	7	3
66	4	5
67	6	5
67	4	6
67	4	4
67	3	6
67	5	5
67	6	4
67	5	6
67	8	8
67	4	4
67	5	5
67	5	6
67	5	6
67	4	2
67	5	5
67	3	3
67	4	3
67	5	5
67	5	3
67	5	5
67	2	5
67	5	1
67	4	6
67	5	4
67	5	7
67	4	5
67	3	3
67	2	5
67	5	5
67	5	4
67	6	6
67	5	2
67	4	5
67	4	6
67	5	4
67	2	4
67	4	5
67	7	4
67	5	5
67	7	4
67	3	5
68	5	3
68	6	5
68	5	3
68	4	3
68	5	5
68	8	3
68	5	5
68	6	2
68	5	5
68	5	5
68	4	4
68	5	7
68	3	2
68	5	4
68	4	4
68	5	5
68	5	5
68	5	5
68	6	7
68	6	5
68	5	1
68	4	6
68	5	5
68	7	2
68	6	6
68	5	7
68	5	4
68	5	7
68	8	6
68	4	4
68	5	2
68	6	6
68	4	4
68	6	3
68	5	5
68	5	5
68	5	3
68	5	6
68	9	1
68	8	2
69	2	5
69	3	6
69	2	2
69	1	7
69	3	7
69	1	3
69	3	6
69	1	8
69	3	5
69	5	5
69	3	6
69	1	7
69	3	2
69	3	4
69	3	7
69	3	7
69	3	5
69	2	5
69	1	8
69	1	5
69	4	2
69	3	6
69	4	5
69	7	6
69	2	7
69	2	6
69	2	6
69	3	7
69	2	4
69	5	5
69	4	3
69	3	4
69	2	3
69	2	6
69	2	5
69	1	7
69	3	8
69	5	5
69	3	7
69	2	8
70	6	5
70	6	7
70	4	4
70	5	5
70	5	5
70	6	4
70	5	5
70	5	3
70	5	6
70	5	5
70	4	6
70	4	5
70	3	2
70	4	5
70	4	4
70	3	4
70	5	5
70	4	4
70	6	4
70	5	5
70	5	1
70	4	7
70	5	5
70	6	6
70	6	5
70	3	3
70	5	6
70	6	7
70	9	5
70	6	4
70	5	2
70	5	4
70	4	5
70	5	5
70	5	5
70	5	6
70	6	6
70	5	5
70	7	2
70	6	5
71	3	5
71	2	7
71	1	1
71	3	5
71	3	6
71	2	5
71	1	7
71	1	7
71	2	8
71	5	5
71	3	5
71	1	5
71	4	3
71	2	4
71	5	7
71	1	8
71	3	5
71	2	5
71	1	9
71	1	5
71	3	5
71	2	7
71	6	6
71	2	9
71	2	3
71	5	5
71	3	6
71	1	8
71	1	2
71	5	5
71	2	2
71	3	3
71	2	7
71	3	5
71	1	4
71	1	8
71	3	4
71	3	4
71	2	8
71	1	9
72	5	6
72	5	5
72	4	5
72	3	6
72	6	5
72	8	3
72	5	6
72	5	1
72	5	5
72	5	5
72	5	5
72	6	6
72	2	2
72	5	5
72	6	5
72	4	4
72	5	5
72	7	5
72	5	4
72	8	5
72	5	1
72	4	5
72	5	5
72	7	4
72	7	6
72	6	6
72	5	5
72	5	6
72	9	6
72	5	5
72	5	2
72	5	6
72	4	5
72	7	6
72	5	5
72	5	6
72	5	5
72	5	6
72	9	1
72	8	2
73	4	4
73	5	5
73	4	5
73	6	6
73	5	5
73	8	2
73	6	5
73	6	1
73	4	5
73	5	5
73	4	5
73	5	6
73	3	2
73	5	5
73	6	6
73	4	4
73	5	5
73	8	5
73	9	2
73	7	5
73	5	1
73	4	5
73	6	5
73	5	2
73	7	6
73	7	3
73	4	5
73	6	4
73	9	1
73	5	5
73	5	2
73	5	5
73	4	5
73	3	5
73	5	5
73	8	5
73	6	5
73	8	3
73	7	3
73	8	2
74	5	9
74	2	6
74	5	4
74	2	8
74	4	5
74	5	3
74	3	6
74	8	8
74	3	6
74	5	5
74	1	8
74	4	7
74	3	2
74	3	7
74	4	4
74	5	4
74	5	5
74	2	5
74	3	7
74	1	5
74	3	3
74	3	7
74	4	5
74	2	7
74	4	6
74	7	8
74	4	5
74	2	8
74	1	9
74	6	7
74	4	3
74	3	4
74	5	5
74	4	6
74	4	6
74	5	7
74	5	7
74	4	7
74	7	3
74	2	8
75	5	5
75	5	5
75	5	5
75	5	4
75	6	5
75	8	3
75	6	4
75	4	2
75	5	5
75	5	5
75	5	5
75	5	6
75	4	2
75	5	5
75	5	5
75	4	3
75	5	5
75	5	5
75	4	5
75	8	5
75	5	1
75	4	6
75	5	5
75	3	6
75	4	4
75	5	6
75	5	5
75	5	6
75	7	5
75	5	5
75	5	3
75	5	4
75	5	4
75	5	5
75	4	5
75	5	5
75	5	7
75	5	5
75	7	2
75	7	2
76	4	6
76	3	4
76	4	4
76	5	6
76	5	5
76	2	5
76	3	7
76	6	5
76	3	6
76	5	5
76	6	6
76	4	6
76	2	2
76	5	3
76	5	4
76	3	8
76	5	5
76	4	6
76	2	3
76	2	5
76	5	3
76	5	6
76	5	6
76	9	7
76	5	8
76	6	6
76	5	6
76	5	4
76	6	2
76	6	5
76	4	3
76	4	4
76	6	7
76	5	5
76	7	5
76	3	5
76	5	6
76	6	5
76	6	3
76	4	7
77	3	2
77	5	2
77	5	4
77	7	2
77	5	5
77	8	1
77	6	3
77	4	2
77	7	2
77	5	5
77	3	2
77	2	3
77	2	2
77	5	5
77	3	4
77	4	4
77	5	5
77	4	5
77	6	7
77	5	5
77	5	1
77	5	3
77	5	4
77	8	1
77	5	2
77	8	8
77	4	5
77	5	5
77	7	5
77	5	5
77	6	4
77	5	4
77	5	5
77	5	5
77	5	5
77	4	7
77	4	4
77	6	4
77	7	3
77	9	2
78	3	5
78	5	4
78	6	5
78	4	6
78	6	5
78	8	2
78	5	4
78	3	4
78	5	7
78	5	5
78	5	5
78	3	3
78	1	1
78	5	5
78	6	5
78	4	4
78	5	5
78	7	5
78	3	6
78	6	5
78	5	1
78	5	5
78	5	4
78	9	9
78	4	6
78	8	5
78	5	2
78	5	4
78	8	2
78	5	5
78	5	2
78	4	3
78	5	4
78	4	5
78	5	5
78	5	5
78	4	3
78	5	3
78	7	3
78	3	6
79	4	5
79	3	6
79	3	3
79	3	7
79	5	5
79	7	5
79	4	6
79	2	5
79	3	5
79	5	5
79	3	7
79	3	3
79	3	3
79	5	6
79	4	4
79	4	4
79	5	5
79	2	5
79	3	5
79	3	5
79	5	1
79	3	7
79	4	5
79	1	9
79	3	6
79	3	8
79	3	7
79	3	7
79	5	7
79	4	5
79	4	3
79	4	4
79	4	4
79	3	5
79	3	5
79	4	4
79	4	4
79	4	5
79	5	5
79	2	8
80	4	3
80	5	5
80	5	4
80	5	6
80	5	5
80	6	3
80	5	4
80	6	2
80	5	5
80	5	5
80	4	6
80	4	4
80	2	1
80	5	5
80	5	5
80	3	3
80	5	5
80	3	5
80	2	8
80	5	5
80	5	1
80	4	5
80	4	5
80	3	6
80	5	3
80	4	7
80	5	5
80	4	6
80	7	3
80	5	4
80	4	2
80	5	4
80	5	5
80	4	5
80	5	5
80	5	6
80	4	4
80	5	4
80	7	4
80	7	3
81	5	5
81	5	2
81	5	5
81	5	5
81	9	1
81	6	5
81	8	1
81	9	1
81	5	5
81	6	3
81	5	5
81	5	5
81	2	3
81	7	2
81	5	4
81	5	5
81	5	5
81	4	4
81	5	5
81	6	6
81	5	1
81	4	4
81	5	5
81	9	6
81	7	4
81	4	5
81	5	5
81	7	6
81	5	1
81	5	4
81	4	8
81	6	6
81	5	8
81	6	3
81	5	4
81	4	3
81	6	6
81	7	6
81	7	3
81	4	5
82	5	5
82	6	2
82	5	4
82	5	2
82	9	2
82	5	5
82	7	1
82	8	2
82	5	5
82	5	4
82	4	4
82	4	6
82	3	2
82	6	4
82	5	3
82	5	5
82	6	5
82	4	4
82	5	5
82	6	4
82	5	1
82	7	4
82	4	5
82	9	1
82	7	2
82	6	3
82	6	4
82	7	4
82	4	3
82	5	4
82	4	8
82	7	5
82	7	2
82	5	3
82	5	4
82	6	4
82	8	2
82	8	3
82	7	3
82	6	4
83	6	6
83	4	3
83	4	4
83	6	4
83	9	1
83	5	5
83	5	1
83	6	3
83	5	6
83	3	3
83	5	4
83	4	6
83	3	3
83	3	5
83	4	4
83	5	5
83	5	5
83	4	3
83	5	5
83	2	2
83	5	1
83	4	6
83	3	5
83	1	8
83	3	6
83	6	4
83	2	5
83	4	3
83	2	3
83	4	4
83	3	8
83	5	5
83	7	6
83	4	6
83	5	6
83	4	4
83	4	1
83	4	4
83	4	5
83	2	4
84	5	5
84	3	7
84	5	6
84	3	5
84	8	6
84	5	5
84	7	6
84	6	4
84	5	6
84	5	6
84	4	6
84	2	6
84	4	3
84	4	7
84	5	6
84	5	5
84	5	6
84	4	5
84	5	5
84	4	7
84	5	1
84	3	8
84	4	5
84	2	8
84	3	7
84	4	7
84	6	8
84	6	6
84	3	4
84	5	5
84	3	4
84	5	5
84	6	7
84	4	6
84	7	5
84	4	7
84	1	8
84	4	7
84	8	3
84	6	7
85	6	6
85	5	1
85	3	2
85	8	3
85	1	8
85	5	5
85	3	3
85	7	3
85	5	3
85	1	8
85	7	7
85	1	8
85	3	3
85	7	3
85	4	2
85	4	5
85	5	6
85	5	7
85	5	5
85	4	5
85	3	3
85	7	4
85	3	6
85	6	2
85	6	7
85	4	4
85	6	3
85	3	2
85	5	3
85	6	6
85	8	6
85	5	4
85	9	7
85	6	3
85	4	6
85	3	7
85	1	5
85	6	1
85	4	6
85	7	2
86	5	5
86	4	4
86	5	5
86	4	5
86	9	1
86	6	5
86	8	1
86	8	3
86	5	5
86	6	2
86	5	5
86	4	5
86	4	3
86	5	5
86	4	5
86	5	5
86	5	5
86	4	5
86	5	5
86	7	5
86	5	1
86	5	6
86	4	5
86	5	3
86	8	2
86	5	4
86	5	5
86	5	5
86	6	2
86	5	5
86	3	1
86	5	5
86	9	8
86	5	4
86	7	4
86	5	5
86	8	4
86	5	5
86	8	3
86	8	5
87	5	5
87	3	6
87	4	4
87	4	5
87	8	7
87	5	5
87	4	2
87	7	4
87	5	3
87	4	5
87	4	6
87	3	6
87	5	3
87	6	3
87	5	4
87	5	5
87	5	6
87	5	4
87	4	5
87	4	5
87	5	1
87	5	4
87	5	5
87	3	3
87	6	6
87	4	7
87	5	7
87	5	6
87	3	5
87	3	3
87	7	7
87	5	6
87	8	8
87	5	4
87	3	5
87	3	7
87	7	3
87	7	6
87	6	5
87	3	6
88	4	4
88	6	2
88	4	4
88	7	5
88	7	3
88	5	5
88	3	3
88	6	3
88	5	3
88	5	4
88	8	7
88	5	4
88	2	3
88	7	6
88	5	2
88	6	5
88	5	5
88	6	7
88	5	5
88	4	2
88	5	1
88	8	5
88	6	5
88	1	2
88	3	5
88	4	7
88	7	2
88	2	3
88	5	5
88	3	3
88	8	6
88	4	4
88	8	8
88	5	4
88	5	3
88	9	4
88	9	4
88	9	1
88	4	7
88	3	2
89	5	5
89	6	7
89	5	5
89	4	6
89	9	1
89	6	5
89	8	1
89	9	1
89	5	5
89	6	2
89	5	4
89	3	4
89	4	4
89	5	5
89	5	5
89	5	5
89	5	5
89	4	4
89	5	5
89	6	6
89	5	1
89	3	7
89	5	5
89	9	4
89	8	5
89	5	5
89	5	5
89	6	6
89	6	3
89	5	5
89	5	5
89	5	6
89	5	8
89	6	4
89	5	4
89	5	5
89	4	4
89	7	5
89	7	4
89	6	5
90	6	6
90	2	5
90	5	6
90	4	7
90	9	7
90	5	5
90	7	4
90	6	3
90	5	6
90	4	7
90	3	7
90	3	7
90	1	1
90	3	7
90	3	7
90	6	5
90	5	7
90	3	6
90	5	5
90	3	4
90	4	2
90	2	8
90	3	5
90	4	9
90	4	7
90	4	7
90	3	5
90	5	8
90	2	5
90	6	6
90	2	4
90	4	5
90	7	8
90	4	5
90	5	7
90	5	4
90	1	9
90	5	5
90	7	4
90	7	9
91	5	5
91	6	2
91	5	5
91	6	7
91	9	1
91	5	5
91	8	1
91	7	3
91	5	5
91	4	7
91	5	5
91	3	4
91	4	3
91	5	5
91	5	4
91	5	5
91	5	6
91	5	5
91	5	5
91	4	3
91	5	1
91	5	6
91	4	5
91	1	3
91	6	6
91	5	4
91	6	3
91	5	5
91	3	6
91	5	5
91	9	5
91	5	4
91	5	7
91	4	5
91	5	7
91	3	6
91	7	3
91	6	6
91	8	3
91	7	7
92	5	5
92	5	2
92	5	5
92	5	6
92	9	1
92	5	5
92	8	2
92	9	1
92	5	5
92	4	4
92	5	5
92	5	5
92	4	3
92	5	3
92	5	3
92	5	5
92	5	5
92	5	4
92	5	5
92	7	5
92	5	1
92	4	6
92	4	5
92	9	1
92	6	4
92	4	4
92	5	7
92	6	3
92	5	4
92	5	5
92	9	7
92	6	5
92	8	6
92	5	5
92	5	6
92	7	4
92	7	2
92	9	3
92	7	4
92	7	2
93	6	6
93	3	6
93	5	5
93	4	6
93	9	1
93	6	5
93	7	2
93	9	3
93	5	3
93	6	4
93	4	5
93	5	4
93	4	3
93	6	4
93	5	4
93	5	5
93	5	5
93	4	5
93	5	5
93	5	5
93	5	1
93	3	7
93	5	5
93	2	5
93	5	6
93	4	4
93	5	7
93	6	5
93	5	5
93	4	4
93	7	6
93	5	5
93	8	8
93	5	6
93	7	4
93	5	6
93	3	6
93	6	6
93	7	4
93	6	4
94	5	5
94	6	6
94	5	6
94	4	5
94	9	1
94	6	5
94	8	2
94	8	2
94	5	4
94	6	4
94	5	5
94	2	7
94	4	3
94	5	5
94	5	4
94	5	5
94	5	5
94	5	5
94	5	5
94	5	5
94	5	1
94	5	6
94	5	5
94	6	9
94	4	6
94	6	4
94	5	5
94	5	6
94	4	4
94	4	4
94	7	7
94	5	6
94	8	3
94	5	5
94	5	3
94	5	5
94	4	4
94	7	7
94	7	4
94	6	4
95	6	6
95	2	2
95	4	4
95	4	7
95	8	8
95	5	5
95	3	5
95	7	6
95	6	2
95	3	5
95	4	6
95	2	5
95	3	2
95	4	7
95	4	6
95	5	5
95	6	7
95	4	4
95	5	5
95	2	2
95	4	2
95	4	6
95	4	5
95	4	9
95	2	7
95	4	4
95	5	8
95	5	7
95	3	5
95	5	5
95	3	4
95	4	5
95	8	3
95	3	4
95	5	7
95	3	7
95	1	7
95	3	6
95	5	5
95	5	9
96	5	5
96	5	5
96	5	5
96	4	7
96	9	1
96	6	5
96	7	2
96	8	2
96	5	5
96	6	4
96	5	5
96	4	5
96	4	3
96	5	5
96	5	5
96	5	5
96	5	5
96	4	5
96	5	5
96	7	7
96	5	1
96	4	6
96	4	5
96	3	4
96	7	6
96	7	4
96	5	6
96	5	6
96	5	4
96	5	5
96	7	1
96	6	6
96	7	5
96	5	5
96	6	5
96	7	5
96	6	3
96	6	6
96	8	1
96	9	1
97	6	6
97	2	3
97	4	4
97	4	5
97	8	6
97	5	5
97	3	3
97	6	6
97	5	3
97	4	4
97	4	5
97	7	3
97	3	1
97	4	6
97	4	5
97	5	5
97	5	7
97	4	5
97	5	5
97	3	7
97	4	2
97	4	6
97	5	5
97	5	8
97	3	6
97	4	4
97	5	7
97	6	6
97	3	5
97	6	6
97	5	1
97	5	6
97	8	4
97	3	4
97	6	5
97	3	6
97	4	8
97	6	5
97	5	5
97	5	9
98	5	5
98	5	2
98	5	3
98	7	7
98	9	1
98	5	5
98	8	2
98	9	1
98	5	5
98	5	5
98	5	5
98	3	5
98	3	2
98	6	3
98	5	3
98	5	5
98	6	5
98	5	5
98	5	5
98	5	1
98	5	1
98	7	4
98	4	5
98	9	1
98	6	4
98	5	4
98	5	3
98	4	3
98	6	3
98	5	5
98	9	4
98	5	4
98	8	1
98	5	5
98	5	4
98	8	4
98	1	6
98	5	5
98	6	4
98	8	2
99	6	6
99	6	7
99	5	5
99	4	6
99	9	1
99	6	5
99	8	2
99	9	1
99	5	5
99	6	4
99	5	5
99	5	5
99	3	2
99	5	5
99	5	5
99	5	5
99	5	5
99	4	4
99	5	5
99	7	5
99	5	1
99	4	5
99	4	5
99	9	3
99	7	5
99	6	4
99	5	6
99	5	5
99	4	5
99	5	5
99	8	2
99	6	5
99	7	4
99	5	4
99	5	7
99	6	4
99	5	2
99	7	6
99	7	2
99	7	3
100	4	4
100	3	1
100	5	2
100	7	5
100	8	2
100	5	5
100	6	1
100	4	4
100	5	6
100	3	6
100	4	4
100	2	7
100	2	2
100	3	5
100	5	3
100	6	5
100	4	3
100	4	3
100	5	5
100	5	2
100	5	2
100	5	6
100	3	5
100	1	1
100	5	4
100	4	4
100	4	3
100	5	3
100	5	3
100	3	3
100	4	2
100	4	4
100	7	8
100	3	5
100	5	5
100	6	3
100	1	1
100	6	5
100	6	4
100	2	3
